5.000000000000000000e-01 3.800499868152985850e-03 3.930222141757485667e-03 3.714032444515791287e-03 2.118666143049143663e-03 3.092183486282630567e-03 1.178288538040220268e-02 2.941959843484041534e-02 1.065236069090149951e-01 3.983742192231397028e-01
5.189771261211716677e-04 5.000000000000000000e-01 3.995238947228840418e-03 4.251592917270063943e-03 2.585285386334969758e-03 4.074690785337341768e-03 1.818928712328044331e-02 7.761546268639228641e-02 3.637135557361887983e-01 9.109095519760739001e-03
1.133161544077795338e-03 2.603823613513718462e-03 5.000000000000000000e-01 6.270636253027099712e-03 4.368529248239291438e-03 8.233606127229262800e-03 6.193076568862338621e-02 3.155710029181190146e-01 3.700565289680916164e-02 2.239302074420352132e-03
2.414797958490056632e-03 7.064855971518248755e-03 9.707606198884517062e-03 5.000000000000000000e-01 9.810540721174050571e-03 3.344930978648025938e-02 2.762470392318217005e-01 8.173244978955893081e-02 1.462696092258975768e-02 2.832264899251021005e-03
7.624263537157655209e-03 2.357415795596819186e-02 4.185447438486760569e-02 5.816716163749095780e-02 5.000000000000000000e-01 2.283622881644171709e-01 1.969704501856318901e-01 6.545880297738727871e-02 2.744033569049006763e-02 7.891218255825791297e-03
7.881481990455678488e-03 2.744033569049005722e-02 6.545880297738729259e-02 1.969704501856318346e-01 2.283622881644174207e-01 5.000000000000000000e-01 5.816716163749095087e-02 4.185447438486765426e-02 2.357415795596820574e-02 7.673256105744949082e-03
2.855314799232609637e-03 1.462696092258977502e-02 8.173244978955891693e-02 2.762470392318218115e-01 3.344930978648027325e-02 9.810540721173998530e-03 5.000000000000000000e-01 9.707606198884650636e-03 7.064855971518280847e-03 2.457970491339294631e-03
2.317005393368171389e-03 3.700565289680905756e-02 3.155710029181188481e-01 6.193076568862349029e-02 8.233606127229280147e-03 4.368529248239298376e-03 6.270636253027096242e-03 5.000000000000000000e-01 2.603823613513674660e-03 1.224925483184564814e-03
9.604017752626906393e-03 3.637135557361889648e-01 7.761546268639235580e-02 1.818928712328042943e-02 4.074690785337338299e-03 2.585285386334963686e-03 4.251592917270040524e-03 3.995238947228890725e-03 5.000000000000000000e-01 1.079927862496029732e-03
3.972015621725730194e-01 1.108354005494415345e-01 3.190774359720603692e-02 1.307056330639773216e-02 3.541142551091013262e-03 2.571218595496823408e-03 5.031184528251816598e-03 6.506075779990595602e-03 7.845883122994853562e-03 5.000000000000000000e-01
