9.916693409393100289e-01 9.899186371674414398e-01 9.876345221650759676e-01 9.847793007414140654e-01 9.819304933533501423e-01 9.825883931217426204e-01 9.988604190936160032e-01 1.037839693952947950e+00 1.065714708335232297e+00 1.066817132728044681e+00 1.051429276002646240e+00 1.029399551556674286e+00 1.006467391052175531e+00 9.913880044447090922e-01 9.878549597415217098e-01 9.893277213757447619e-01 9.914830997391387291e-01 9.932970818286527281e-01 9.946862414348727199e-01 9.957351094022578453e-01
9.914375286574274027e-01 9.895456833944251684e-01 9.869970904350552354e-01 9.836118722836367789e-01 9.796582686514037075e-01 9.783322368682018100e-01 9.945004199581358728e-01 1.041551769455853149e+00 1.073660241302932583e+00 1.073407168360237973e+00 1.055296436181164754e+00 1.030689260310990063e+00 1.004850925803196571e+00 9.882886161672417291e-01 9.857442075626619005e-01 9.882240723350346201e-01 9.908977850724888237e-01 9.929654443241565653e-01 9.944858775222769065e-01 9.956073556524314139e-01
9.912243275924740304e-01 9.891989099177280753e-01 9.863940399473360987e-01 9.824741757742024850e-01 9.773183684165130947e-01 9.734492557043713523e-01 9.884934307700655731e-01 1.046197472798110040e+00 1.082931705167840652e+00 1.080693675791779995e+00 1.059397672457098150e+00 1.032050271168996058e+00 1.002861421112787754e+00 9.845504186284078640e-01 9.834658830981640731e-01 9.871245362273413093e-01 9.903386508161573509e-01 9.926558087853999401e-01 9.943013344126347963e-01 9.954907142921644025e-01
9.910319767959697712e-01 9.888829459783849973e-01 9.858357629472432881e-01 9.813912672220077571e-01 9.749680202552453157e-01 9.679525833151269021e-01 9.801384386522258296e-01 1.052325432504131131e+00 1.093706686813268991e+00 1.088708384094903669e+00 1.063709024198132180e+00 1.033508647593596619e+00 1.000458279614357959e+00 9.800095440469864805e-01 9.810502184569515061e-01 9.860547119379516889e-01 9.898165807578707120e-01 9.923728427155055209e-01 9.941347820102335309e-01 9.953862785352183273e-01
9.908625770043540948e-01 9.886022435713841539e-01 9.853326749661859285e-01 9.803902733659189961e-01 9.726812167479642612e-01 9.619344552764347300e-01 9.683851813571868750e-01 1.060989436608425152e+00 1.106072552706793832e+00 1.097447267822505568e+00 1.068191523521165198e+00 1.035093383134237266e+00 9.976322399284976994e-01 9.744422551112400521e-01 9.785540609390309674e-01 9.850449919555361866e-01 9.893428868461179304e-01 9.921211074676967723e-01 9.939882711046885699e-01 9.952950609177581009e-01
9.907180418671599487e-01 9.883609469368307421e-01 9.848948297845805389e-01 9.794992219761312624e-01 9.705471004831254245e-01 9.556090561917525150e-01 9.516806341638824884e-01 1.074390229618778170e+00 1.119865124394854083e+00 1.106799361948641813e+00 1.072783385563909730e+00 1.036818305541289398e+00 9.944653321239909083e-01 9.675427878083302513e-01 9.760708591296783920e-01 9.841296019379623949e-01 9.889288477816708944e-01 9.919049061091136377e-01 9.938636798126209149e-01 9.952179723812548673e-01
9.906000511027760469e-01 9.881627615225221373e-01 9.845315009092803216e-01 9.787455294117560767e-01 9.686652327376966687e-01 9.493537941860811236e-01 9.278629369906374880e-01 1.097732473773318285e+00 1.134348822919985844e+00 1.116325440751607889e+00 1.077368930440258721e+00 1.038632155794270151e+00 9.912883053139329714e-01 9.589152052256638692e-01 9.737387255599574409e-01 9.833447247570109573e-01 9.885851538939826044e-01 9.917281242805304764e-01 9.937626611568183277e-01 9.951558025536996199e-01
9.905100075413383331e-01 9.880108293317201307e-01 9.842507569730861716e-01 9.781542485168476242e-01 9.671373532891083258e-01 9.437230244626604314e-01 8.944854634062129328e-01 1.146747759633969244e+00 1.147772668607705882e+00 1.124787994793383206e+00 1.081668168230340621e+00 1.040315443159794517e+00 9.891313569267244921e-01 9.481756590309123878e-01 9.717396116999088562e-01 9.827256695951548382e-01 9.883212967994978726e-01 9.915940738260573539e-01 9.936865943172323856e-01 9.951092019779880227e-01
9.904489999685990309e-01 9.879076178749618409e-01 9.840590635714594470e-01 9.777462482740317817e-01 9.660561695418662387e-01 9.393942697953990839e-01 8.512745057881582200e-01 1.291967514844143627e+00 1.160212718118999398e+00 1.135319656184845094e+00 1.085030628703572919e+00 1.041411252168573665e+00 9.913848964207553349e-01 9.356238718470817339e-01 9.702796653505353364e-01 9.823033144807629125e-01 9.881449609064011375e-01 9.915053502285448017e-01 9.936365421171616807e-01 9.950786670020103086e-01
9.904177735093134816e-01 9.878548296276491447e-01 9.839609456497302453e-01 9.775365464177988573e-01 9.654929309185971142e-01 9.370180292960212931e-01 8.111014586210359978e-01 1.276205649857523383e+00 1.165002271429870007e+00 1.137361411102596698e+00 1.091696140737103526e+00 1.055572328267597060e+00 1.010017430235109703e+00 9.250841597289687357e-01 9.695447999006695516e-01 9.821003757259144651e-01 9.880614858879249729e-01 9.914637150008254185e-01 9.936132171294465021e-01 9.950645279657603925e-01
9.904167089876237950e-01 9.878533379211343890e-01 9.839587417756608945e-01 9.775330284068103337e-01 9.654865522032333169e-01 9.370030245558970128e-01 8.110116041074730830e-01 1.276131818136140517e+00 1.164919498623403493e+00 1.137208188225577343e+00 1.091346961852902142e+00 1.054930130990005654e+00 9.746919669779372519e-01 9.262327595795778468e-01 9.696421243462884920e-01 9.821283018474596949e-01 9.880734698059435717e-01 9.914700129415415786e-01 9.936169583974022723e-01 9.950669411991385216e-01
9.904458122917528806e-01 9.879031536164879501e-01 9.840524743655899576e-01 9.777357491566827097e-01 9.660372138531130304e-01 9.393503505082761995e-01 8.510584286863510650e-01 1.291345786980078625e+00 1.159992143379590113e+00 1.134891008791472089e+00 1.084528208196872123e+00 1.041759946011543869e+00 9.819636792866935915e-01 9.381985967699997264e-01 9.705583400731375709e-01 9.823855894249715615e-01 9.881805689847235064e-01 9.915241315870220173e-01 9.936477201863691544e-01 9.950858851866088983e-01
9.905047142796832293e-01 9.880034248674164354e-01 9.842398489693473529e-01 9.781369301937741234e-01 9.671063439127826067e-01 9.436531793467970441e-01 8.942151073933684025e-01 1.146141168655731901e+00 1.147301122494421177e+00 1.124537987700827690e+00 1.080977908938195231e+00 1.040047107333838872e+00 9.864481441603731859e-01 9.508976213688393742e-01 9.721644496326496965e-01 9.828579990565579072e-01 9.883795243641698702e-01 9.916250065572559391e-01 9.937050734630504811e-01 9.951211610717470846e-01
9.905926812290114514e-01 9.881524699834621783e-01 9.845163826638215765e-01 9.787216525561968083e-01 9.686229855165824354e-01 9.492621852749505429e-01 9.275768171690373931e-01 1.097211061518842845e+00 1.133867578573012347e+00 1.115980855996801413e+00 1.076689565056508258e+00 1.038127829596383833e+00 9.905503815347557195e-01 9.612429358843840310e-01 9.742637838875881640e-01 9.835206129653091267e-01 9.886644104675970102e-01 9.917706723074422026e-01 9.937882200105457864e-01 9.951723974789190574e-01
9.907086353005046808e-01 9.883478411083549409e-01 9.848756485436701569e-01 9.794691333685149326e-01 9.704946518170946002e-01 9.555002243916673743e-01 9.513959205189189694e-01 1.073927860436910686e+00 1.119403027764814818e+00 1.106418342325995452e+00 1.072172501842105330e+00 1.036284532851148743e+00 9.943969670764373214e-01 9.694054195043376732e-01 9.766508524785237899e-01 9.843411641465766859e-01 9.890270704366452836e-01 9.919583536825337111e-01 9.938960183070812970e-01 9.952390594352208408e-01
9.908511839936803289e-01 9.885864143830251916e-01 9.853096123173253895e-01 9.803543900994290405e-01 9.726197431230173551e-01 9.618127197616013202e-01 9.681089729584781978e-01 1.060571184145205459e+00 1.105637732500288184e+00 1.097058494374363757e+00 1.067653591222398557e+00 1.034616477244832522e+00 9.978074950169825152e-01 9.759137466913886394e-01 9.791516909025560489e-01 9.852838074250741540e-01 9.894576766397008560e-01 9.921845902403593209e-01 9.940270196043502482e-01 9.953204609975315753e-01
9.910186571617136675e-01 9.888645006802003756e-01 9.858090297246315803e-01 9.813500592781363441e-01 9.748987614123908463e-01 9.678217131080756319e-01 9.798733277717384116e-01 1.051942407281946545e+00 1.093299806139776287e+00 1.088326444047521768e+00 1.063236630808423344e+00 1.033113889752186321e+00 1.000716482956861553e+00 9.811809951431533783e-01 9.816387028426032391e-01 9.863125640287790930e-01 9.899453459238976016e-01 9.924453830199594373e-01 9.941795121025767124e-01 9.954157810395031225e-01
9.912091498508084353e-01 9.891779700185684421e-01 9.863638706852689841e-01 9.824281484093200234e-01 9.772425625306846442e-01 9.733123620195627268e-01 9.882400779652377176e-01 1.045843964165092066e+00 1.082551470365885615e+00 1.080326564285640334e+00 1.058982593240982872e+00 1.031736247830285169e+00 1.003137963914361164e+00 9.854967232151284895e-01 9.840282214800621929e-01 9.873939510064246861e-01 9.904787420824463506e-01 9.927363525081916995e-01 9.943515707771010126e-01 9.955240815410583144e-01
9.914205690526225467e-01 9.895223824420648073e-01 9.869637376574830201e-01 9.835615494299673189e-01 9.795771034490334817e-01 9.781917980870895590e-01 9.942587067656480926e-01 1.041223822688373879e+00 1.073305049326698679e+00 1.073059323074842641e+00 1.054931559516796069e+00 1.030444884593697319e+00 1.005119457549634943e+00 9.890652715904894032e-01 9.862710381127256509e-01 9.884986348932717215e-01 9.910466122022949520e-01 9.930528969628849012e-01 9.945411102820637117e-01 9.956443276540347664e-01
9.916506824113597851e-01 9.898931184498682700e-01 9.875982507710591163e-01 9.847252102876086211e-01 9.818450733998674851e-01 9.824463397452554148e-01 9.986299443713098078e-01 1.037534385174008644e+00 1.065383040243875756e+00 1.066490823749532302e+00 1.051108532097448700e+00 1.029211730202457487e+00 1.006717739960271807e+00 9.920350137405327118e-01 9.883422461293129846e-01 9.896021978194770030e-01 9.916382229694514772e-01 9.933903417333570518e-01 9.947459384307348884e-01 9.957754087935968279e-01
