-3.647601889055954606e-03 -5.174847311795103405e-03 -7.692991324580669352e-03 -1.210691260986356856e-02 -2.030926164978186926e-02 -3.558494654152341563e-02 -5.700630127493053895e-02 -5.964338246144394728e-02 -2.991473375872320817e-02 5.443994083289042940e-03 3.039461832463279806e-02 4.304254155623147421e-02 4.252791733604655011e-02 3.076075023877536396e-02 1.820346514160946227e-02 1.058604740790313956e-02 6.495707262369355278e-03 4.225859738484173331e-03 2.888084811376071762e-03 2.053987743455010836e-03
-3.331953922548713982e-03 -4.756433335604066254e-03 -7.139986364672858826e-03 -1.142064001722832220e-02 -1.972533764805682599e-02 -3.648290552885007088e-02 -6.333936699570652529e-02 -6.851322770095343018e-02 -3.271749722617857403e-02 7.597915879343204379e-03 3.456645775354058592e-02 4.804655571336276937e-02 4.692395741432407730e-02 3.248320149294549319e-02 1.805718214878767117e-02 1.008474084736412854e-02 6.054087126224564318e-03 3.889750506941471852e-03 2.637934063236307015e-03 1.866457586182166360e-03
-2.996121678743303342e-03 -4.301218813922123158e-03 -6.514849044224163034e-03 -1.058201860842277256e-02 -1.880994416591460702e-02 -3.685244104221765959e-02 -7.047639612960070188e-02 -7.935903013036325893e-02 -3.560159688345702206e-02 1.038389968242783325e-02 3.924382282873117855e-02 5.364243724240082278e-02 5.192874072693739324e-02 3.414687949760012581e-02 1.762572598206040703e-02 9.431544770174403458e-03 5.541667471610093113e-03 3.518775642504126319e-03 2.369268764026002949e-03 1.668409049844212996e-03
-2.641555926689201795e-03 -3.811261379227705477e-03 -5.819700272273175060e-03 -9.588083482271046731e-03 -1.752169950267492768e-02 -3.646134406677804113e-02 -7.839873185339189809e-02 -9.282189223404034573e-02 -3.845933468303196212e-02 1.400945163553445234e-02 4.443198454292075078e-02 5.989293333610808817e-02 5.769251714882312615e-02 3.565848225029512319e-02 1.683631629205802754e-02 8.616222104301948792e-03 4.959165201232198193e-03 3.114595759903014162e-03 2.083354985370825235e-03 1.460695064412960344e-03
-2.270010705267297944e-03 -3.289330912756515801e-03 -5.058492119145704090e-03 -8.440852802208947264e-03 -1.582975740476694551e-02 -3.502971152781159114e-02 -8.688346860565553109e-02 -1.098345618332111084e-01 -4.116509937204363562e-02 1.878215989129394456e-02 5.009310559297788096e-02 6.686990102873760500e-02 6.443118968631672550e-02 3.685412364491773285e-02 1.560935959406787102e-02 7.633446923672907586e-03 4.309346422023972549e-03 2.679640130697817212e-03 1.781770476916108396e-03 1.244307167344300144e-03
-1.883527960982177372e-03 -2.738896781571021656e-03 -4.237083327064542979e-03 -7.148179124826381167e-03 -1.372070893488048192e-02 -3.225314218358596441e-02 -9.521058518507100055e-02 -1.317849737053312376e-01 -4.363861553905582641e-02 2.517925350269458601e-02 5.611201773828383005e-02 7.466343085659495060e-02 7.246161312228846518e-02 3.743054705532362914e-02 1.386735027249400183e-02 6.484831558764448702e-03 3.597248685449415916e-03 2.217113315672525169e-03 1.466392549341330627e-03 1.020366412274082910e-03
-1.484413055887659700e-03 -2.164087111514687977e-03 -3.363219647793147440e-03 -5.724280036837160052e-03 -1.120560919934565115e-02 -2.785866713022241287e-02 -1.015074528972460116e-01 -1.607127839751764375e-01 -4.594570621676981326e-02 3.390638902669716737e-02 6.224473255317017339e-02 8.339344820254035451e-02 8.224491448508319813e-02 3.679383969830889167e-02 1.155219440314522207e-02 5.180820841090076970e-03 2.830280528108275115e-03 1.730966165547284229e-03 1.139375138893065648e-03 7.901105894170422014e-04
-1.075201417628905221e-03 -1.569619377684480658e-03 -2.446405963229930300e-03 -4.189801335734152227e-03 -8.325540157522258455e-03 -2.170151744945272160e-02 -1.013290935952359667e-01 -1.985582817186806459e-01 -4.820695019304421097e-02 4.561644270606327045e-02 6.808319072103224956e-02 9.318353210311859647e-02 9.437717159927774824e-02 3.372212203572777511e-02 8.652139440095076364e-03 3.741990581726735952e-03 2.018158021101049658e-03 1.225828069151338722e-03 8.031150925999893872e-04 5.548779425838037136e-04
-6.586170798304857681e-04 -9.607035451798630939e-04 -1.497666286008906807e-03 -2.571305545767137504e-03 -5.153757644311834051e-03 -1.388758518105548574e-02 -8.490150970860273205e-02 -1.882461433847862353e-01 -1.759798398128574731e-03 -2.409340224488387000e-02 7.323716946406855222e-02 1.039735678933243895e-01 1.089913022262574971e-01 2.570960062077376485e-02 5.233121167294600348e-03 2.199222570046187146e-03 1.172652430929193093e-03 7.069004451522025324e-04 4.602083941604126786e-04 3.160877406452710769e-04
-2.375243266482538536e-04 -3.429210525046025998e-04 -5.291989488456292755e-04 -9.001528040856619697e-04 -1.792740233556302685e-03 -4.863946639968607689e-03 -3.655775474125668584e-02 -1.356178919746025072e-02 -2.068978893731380532e-03 -9.725790869290288840e-03 -5.905758939230780491e-03 -1.447148462006440060e-02 1.091343832026688554e-01 9.039062394631411368e-03 1.458560025413307547e-03 5.923427543888645699e-04 3.071467609047071382e-04 1.798151001238200409e-04 1.133977452861560306e-04 7.521822613649537708e-05
1.851259288198850591e-04 2.779151236296884615e-04 4.460539626129160474e-04 7.891606334807826006e-04 1.634428909324600046e-03 4.608419248897219558e-03 3.595734229166789447e-02 1.068069407982058690e-02 -1.478047149988372328e-03 4.252170371644961762e-03 -1.227947496349127664e-03 -3.150616198512480072e-03 -1.282714269215751157e-01 -1.339503712104962371e-02 -2.424308139463932608e-03 -1.032854603631250170e-03 -5.639716979567999111e-04 -3.495352703418921490e-04 -2.344864449139813663e-04 -1.662173924501898835e-04
6.063530736062587969e-04 8.959124810073689285e-04 1.414893501147164532e-03 2.461040629039841759e-03 4.997188571400253999e-03 1.363843027417095850e-02 8.439320506286983326e-02 1.886691987680051419e-01 -1.723672551268290443e-03 1.854826232220951887e-02 -7.392962308682855810e-02 -1.026745161352821678e-01 -1.029683244690482863e-01 -2.860792269934235924e-02 -6.139182053611979412e-03 -2.628793855741304135e-03 -1.426027040271061509e-03 -8.751840465383340468e-04 -5.805891003864157131e-04 -4.066961272827750423e-04
1.023204861485858992e-03 1.505255185244957009e-03 2.364370492220498488e-03 4.080968959774188866e-03 8.172356377682106487e-03 2.146414950934462731e-02 1.009233665358792165e-01 1.986381590192866087e-01 4.814914125877547274e-02 -4.518797962569814225e-02 -6.835046132679871433e-02 -9.209507856704123030e-02 -8.992472882306601356e-02 -3.514134945560309919e-02 -9.452360121486421546e-03 -4.150690303236679105e-03 -2.264802460128204856e-03 -1.391282681774583165e-03 -9.220946654832338791e-04 -6.447107311168437686e-04
1.432814373896352817e-03 2.100356176451298722e-03 3.282272769220597082e-03 5.617543295689305521e-03 1.105727042818810575e-02 2.763695803968233347e-02 1.011853176133884202e-01 1.607064300082264585e-01 4.596128163356914126e-02 -3.357534463667229824e-02 -6.221590907460126246e-02 -8.244268968694543065e-02 -7.918462082307163585e-02 -3.729782497325850876e-02 -1.222117210315780411e-02 -5.560536144078045973e-03 -3.067237521724929753e-03 -1.892284695800943058e-03 -1.256289463706614616e-03 -8.787946854680766303e-04
1.832453703772261985e-03 2.675997286390849675e-03 4.157556396083046321e-03 7.044141909701602533e-03 1.357843328549683710e-02 3.204932485508336926e-02 9.495242972345850629e-02 1.317515091018660878e-01 4.369700933810153481e-02 -2.490784212868785499e-02 -5.591497316175896709e-02 -7.378873363975896327e-02 -7.026028864793924800e-02 -3.746174791888436106e-02 -1.439973842483564109e-02 -6.829742172996812813e-03 -3.822002237027225663e-03 -2.373109579351047153e-03 -1.580619399637504851e-03 -1.107545822998454253e-03
2.219582400842803720e-03 3.227450513785375553e-03 4.980691385381185061e-03 8.340047015096802019e-03 1.569449297578543942e-02 3.484463270448477645e-02 8.667421428827111474e-02 1.097957914500704568e-01 4.124510422888406913e-02 -1.854121031742934911e-02 -4.980584633473079254e-02 -6.604844555004024675e-02 -6.276861898499007386e-02 -3.666153635449225651e-02 -1.601419820795846327e-02 -7.940134066029454207e-03 -4.519898082128746136e-03 -2.829276853496690350e-03 -1.892740544618610153e-03 -1.329647828814216684e-03
2.591889044768947662e-03 3.750575203544213952e-03 5.743902778950844314e-03 9.490960921333019967e-03 1.739412343584960732e-02 3.629485238863261465e-02 7.822755663761243872e-02 9.278712877855779806e-02 3.854993579220027111e-02 -1.378255344057462140e-02 -4.409795778451575110e-02 -5.912219051536363873e-02 -5.638573094247472522e-02 -3.536836684643342166e-02 -1.713034385420080311e-02 -8.883471398171766814e-03 -5.154065626047647092e-03 -3.257003818419734395e-03 -2.190560691931908721e-03 -1.543888984803424343e-03
2.947324727514744058e-03 4.241887819392833707e-03 6.441299696340242568e-03 1.048894743588458384e-02 1.869048259267490700e-02 3.670375705421042439e-02 7.033560642220597348e-02 7.933220687096263768e-02 3.569772260581977746e-02 -1.016314362150825407e-02 -3.888776903699606158e-02 -5.292488719682344328e-02 -5.086908547890078847e-02 -3.382098247448824674e-02 -1.782810773881409599e-02 -9.659953138000434633e-03 -5.720007127844265599e-03 -3.653264226975199737e-03 -2.472270624811732237e-03 -1.749177670964957836e-03
3.284127691403162554e-03 4.698603057931570112e-03 7.068896170846495665e-03 1.133190529408205013e-02 1.961419851115549923e-02 3.635090767963942288e-02 6.322340368136905586e-02 6.849573549904075520e-02 3.281693667538668202e-02 -7.380094327736553411e-03 -3.420318167646058810e-02 -4.738364807471415197e-02 -4.604347993043506060e-02 -3.215124537958630180e-02 -1.818629001886540308e-02 -1.027624306321270678e-02 -6.215454325917428059e-03 -4.015808670157437407e-03 -2.736364538438011869e-03 -1.944554305545490632e-03
3.600838845356761457e-03 5.118647003795114003e-03 7.624536745468360119e-03 1.202272011219573424e-02 2.020647309975510605e-02 3.546836548233875397e-02 5.691103346911769584e-02 5.963537512339121133e-02 3.001650836809011819e-02 -5.228286728891768514e-03 -3.003336582364852375e-02 -4.243350053363995761e-02 -4.178198447298778206e-02 -3.043675300365285274e-02 -1.827535032067469090e-02 -1.074345342209380265e-02 -6.640123805267812013e-03 -4.343150412423585349e-03 -2.981649725568206056e-03 -2.129199578734361237e-03
