0.000000000000000000e+00 -1.752276010823351493e-01 -7.295129458464402750e-02 -3.805665687410383219e-02 -1.695856242155664717e-02 9.786995800136526833e-18 1.695856242155666452e-02 3.805665687410385301e-02 7.295129458464404137e-02 1.752276010823350660e-01
1.752276010823351493e-01 0.000000000000000000e+00 -1.752276010823351493e-01 -7.295129458464402750e-02 -3.805665687410385301e-02 -1.695856242155665758e-02 2.655384884018133079e-18 1.695856242155665758e-02 3.805665687410385301e-02 7.295129458464402750e-02
7.295129458464405525e-02 1.752276010823351493e-01 0.000000000000000000e+00 -1.752276010823352048e-01 -7.295129458464404137e-02 -3.805665687410383219e-02 -1.695856242155664717e-02 8.731943219769662006e-18 1.695856242155666452e-02 3.805665687410384607e-02
3.805665687410383913e-02 7.295129458464402750e-02 1.752276010823351493e-01 0.000000000000000000e+00 -1.752276010823351493e-01 -7.295129458464401362e-02 -3.805665687410383913e-02 -1.695856242155665758e-02 -4.728922418583392490e-18 1.695856242155665064e-02
1.695856242155665758e-02 3.805665687410384607e-02 7.295129458464402750e-02 1.752276010823350938e-01 0.000000000000000000e+00 -1.752276010823351493e-01 -7.295129458464402750e-02 -3.805665687410383913e-02 -1.695856242155666105e-02 -2.894204805334695543e-18
4.015313760739401712e-18 1.695856242155665758e-02 3.805665687410385301e-02 7.295129458464402750e-02 1.752276010823351771e-01 0.000000000000000000e+00 -1.752276010823351493e-01 -7.295129458464405525e-02 -3.805665687410385994e-02 -1.695856242155665758e-02
-1.695856242155665064e-02 3.880543756082632282e-18 1.695856242155665758e-02 3.805665687410383913e-02 7.295129458464404137e-02 1.752276010823351493e-01 0.000000000000000000e+00 -1.752276010823352048e-01 -7.295129458464406913e-02 -3.805665687410384607e-02
-3.805665687410383913e-02 -1.695856242155664717e-02 3.636235267556872981e-18 1.695856242155665758e-02 3.805665687410385994e-02 7.295129458464402750e-02 1.752276010823351493e-01 0.000000000000000000e+00 -1.752276010823351771e-01 -7.295129458464402750e-02
-7.295129458464399974e-02 -3.805665687410383219e-02 -1.695856242155665064e-02 1.633933853432808296e-18 1.695856242155665758e-02 3.805665687410384607e-02 7.295129458464405525e-02 1.752276010823352048e-01 0.000000000000000000e+00 -1.752276010823350938e-01
-1.752276010823350660e-01 -7.295129458464402750e-02 -3.805665687410383219e-02 -1.695856242155665758e-02 2.476485057637426279e-18 1.695856242155665758e-02 3.805665687410385301e-02 7.295129458464402750e-02 1.752276010823351493e-01 0.000000000000000000e+00
