5.000000000000000000e-01 4.428288253996461726e-02 5.029841253735013729e-02 5.101163719647394679e-02 5.121503156463278611e-02 5.126469378670275856e-02 5.121503156463277917e-02 5.101163719647391209e-02 5.029841253735010259e-02 4.428288253996457563e-02
4.428288253996452706e-02 5.000000000000000000e-01 4.428288253996458951e-02 5.029841253735012341e-02 5.101163719647394679e-02 5.121503156463277917e-02 5.126469378670275856e-02 5.121503156463277917e-02 5.101163719647394679e-02 5.029841253735012341e-02
5.029841253735009565e-02 4.428288253996454787e-02 5.000000000000000000e-01 4.428288253996464502e-02 5.029841253735014422e-02 5.101163719647394679e-02 5.121503156463277917e-02 5.126469378670275856e-02 5.121503156463277917e-02 5.101163719647392597e-02
5.101163719647393985e-02 5.029841253735012341e-02 4.428288253996461032e-02 5.000000000000000000e-01 4.428288253996461726e-02 5.029841253735012341e-02 5.101163719647393985e-02 5.121503156463277917e-02 5.126469378670276550e-02 5.121503156463277917e-02
5.121503156463277223e-02 5.101163719647393985e-02 5.029841253735012341e-02 4.428288253996461726e-02 5.000000000000000000e-01 4.428288253996461726e-02 5.029841253735012341e-02 5.101163719647393985e-02 5.121503156463278611e-02 5.126469378670275856e-02
5.126469378670275856e-02 5.121503156463277917e-02 5.101163719647393985e-02 5.029841253735012341e-02 4.428288253996460339e-02 5.000000000000000000e-01 4.428288253996461032e-02 5.029841253735012341e-02 5.101163719647395373e-02 5.121503156463277917e-02
5.121503156463277917e-02 5.126469378670275856e-02 5.121503156463277917e-02 5.101163719647393985e-02 5.029841253735013035e-02 4.428288253996457563e-02 5.000000000000000000e-01 4.428288253996460339e-02 5.029841253735013035e-02 5.101163719647393985e-02
5.101163719647393985e-02 5.121503156463277917e-02 5.126469378670275856e-02 5.121503156463277917e-02 5.101163719647394679e-02 5.029841253735012341e-02 4.428288253996463808e-02 5.000000000000000000e-01 4.428288253996461726e-02 5.029841253735012341e-02
5.029841253735012341e-02 5.101163719647392597e-02 5.121503156463277917e-02 5.126469378670275856e-02 5.121503156463278611e-02 5.101163719647393985e-02 5.029841253735012341e-02 4.428288253996458257e-02 5.000000000000000000e-01 4.428288253996460339e-02
4.428288253996461726e-02 5.029841253735012341e-02 5.101163719647393985e-02 5.121503156463277917e-02 5.126469378670276550e-02 5.121503156463277917e-02 5.101163719647393985e-02 5.029841253735012341e-02 4.428288253996461726e-02 5.000000000000000000e-01
